image: ./Arena2036.pgm
resolution: 0.04 #  real resol
origin: [0.000000, 0.000000, 0.000000]
negate: 0
occupied_thresh: 0.99
free_thresh: 0.6
