image: ./map_slalom.pgm
resolution: 1.00000
origin: [-0.000000, -0.000000, 0.000000]
negate: 0
occupied_thresh: 0.65
free_thresh: 0.10
