image: ./parking3.pgm
resolution: 0.1000
origin: [0.000000, 0.000000, 0.000000]
negate: 0
occupied_thresh: 0.68
free_thresh: 0.2
