image: ./parking4.pgm
resolution: 0.1000
origin: [16.000000, -14.000000, 1.570000]
negate: 0
occupied_thresh: 0.68
free_thresh: 0.2
