image: ./reverse_parking.pgm
resolution: 0.100 # 0.3333 real resol
origin: [0.000000, 0.000000, 0.000000]
negate: 0
occupied_thresh: 0.68
free_thresh: 0.2
